
79488
79531
79560
79605
79626
79649
79673
79702
79734
79751
79773
79789
79810
79833
79859
79877
79903
79978
80002
80026
80261
80278
80299
80334
80379
80398
80425
80448
80468
80513
80532
80561
80581
80612
80667
80690
80728
80757
80783
80802
80820
80839
80870
80892
80907
80929
80968
81136
81165
81187
81885
81926
81943
82053
82072
82145
82204
82234
82293
82341
82364
82380
173120
173137
173164
173190
173213
173251
173288
173330
173351
173372
173394
173427
173439
219314
219424
219444
219462
219482
219544
219584
219600
250881
261799
321878
321897
321937
321988
322003
322014
322060
322111
322138
322160
322199
322246
322301
322323
322341
339033
339067
339085
339101
339136
339173
339207
339233
339251
339271
339289
339310
339341
339375
339400
339430
339479
339507
339535
339581
339653
339668
339694
339728
339747
339785
339814
339834
339845
339871
339905
339935
339956
339985
340031
340051
340075
340128
340155
340176
340204
340231
340274
340293
340311
340344
340370
340397
340415
409434
409448
409570
409589
409623
411102
411500
411517
411531
411557
411713
428272
428339
428359
428376
428391
428434
428495
428548
428563
428609
428635
428661
428707
428769
428784
428795
428830
428843
473721
473734
473780
481666
481689
481704
481719
482364
482427
519343
519359
519375
1095360
1095382
1095404
1095416
1095438
1095458
1095468
1095526
1095557
1095896
1095920
1095969
1096087
1096366
1096388
1096417
1096434
1096452
1096466
1096502
1096530
1096859
1096882
2130540
2130572
2130610
2130626
2130642
2130674
2130692
2130722
2130753
2130781
2130805
2130821
2130855
2130870
2130901
2130915
2130968
2130985
2131014
2136512
2136530
2136549
2136570
2136599
2136635
2136650
2136686
2140314
2141645
2141660
2142462
2146582
2146654
2146681
2406269
2406306
2406323
2406351
2406386
2406419
2406439
2406452
2406512
2406525
2406542
2406578
2406600
2406613
2406622
2406647
2406666
2406687
2406724
2406739
2406750
2406788
2414670
2414697
2479527
2479542
2487263
2555833
2555848
2555866
2555890
2562734
2562750
2562765
2562806
2562818
2677433
2677467
2677484
2677500
2677518
2724484
2724501
2724543
2724576
2724608
2732474
2732495
2732508
2732525
2732537
2732550
2732582
2732598
2732626
2808606
2808621
2808654
2809019
2813836
2978101
2978115
3015258
3015276
3015341
3076220
3076244
3086256
3280479
3280513
3352224
3352242
3439490
3439508
3439535
3439555
3885235
3885246
3977534
3977566
3977582
4052359
4052366
4218917
4218935
4298603
4298616
4298630
4298659
4298685
4374858
4374869
4374886
4374907
4374929
4392115
4392137
4392159
4392236
4392255
5175226
5175257
5592166
5592183
5607831
5782130
5782149
5782172
5782190
5782223
5782243
5867489
5867508
5867522
5867582
5867595
5867636
5867654
5870821
5870838
5870854
5870864
5870882
5870898
5870912
5870937
5870957
5870978
5871000
5871014
6195421
6195434
6302161
6302175
6302189
6302219
6302274
6379266
6379282
7396159
7397290
7397299
7397325
7397343
7398733
7400040
7400052
7400126
7603980
7604000
7604014
7680026
7680090
7680103
7680118
7680135
7680152
7680346
7680357
7680384
7680394
7683198
7683220
7683241
7683255
7683279
7683296
7683309
7683321
7683335
7683348
7683363
7683389
7683404
7683419
7683431
7683444
7683457
7683472
7683491
7683512
7683523
7683546
7683557
7683570
7683589
7683601
7683646
7683661
7683706
7683724
7683745
7751447
7751482
7774317
7774328
7774343
7774360
7774373
7917129
7917145
7917159
7917173
7917185
7936717
7936747
7936764
7936779
7936792
7936808
8120641
8120652
8120685
8120697
8120713
8120737
8120756
8120792
8120807
8120823
8120854
8120869
8120879
8120893
8120901
8195667
8195718
8195743
8195762
8195775
8195799
8195832
8195853
8195867
8195885
8195899
8195920
8195935
8195957
8195977
8195989
8196001
8196021
8196032
8196046
8196059
8196072
8196090
8196104
8196117
8196133
8196153
8196165
8196188
8196200
8196215
8196234
8196280
8196300
8196311
8196328
8196346
8375366
8375384
8375399
8375415
8375429
8375441
8375455
8375471
8376831
8376849
8376864
8376877
8376894
8376927
8465078
8465091
8465107
8465116
8465157
8465170
8465210
8465225
8465239
8465273
8465291
8465301
8465322
8465338
8523482
8523498
8523509
8810327
8810338
8904224
8972984
8973018
8973031
8973043
8973055
8994889
8994915
8994936
8994957
9027783
9027794
9203730
9316700
9316723
9316739
9417313
9417330
9417342
9417383
9417392
9417406
9417424
9496365
9496381
9496395
9496407
9496427
9496435
9496461
9496488
9496502
9496512
9496530
9496547
9496562
9496577
9496605
9496622
9496676
9496690
9496710
9496724
9496734
9496749
9496762
9496779
9496794
9496835
9496866
9496880
9496900
9496917
9496929
9496951
9496973
9497011
9497031
9497053
9497067
9497082
9497096
9497113
9497141
9497158
9497241
9497258
9497280
9497302
9497318
9497330
9497345
9497359
9497378
9497421
10003441
10003458
10003467
10003481
10003501
10003530
10003547
10003557
10189201
10189235
10189245
10189273
10189288
10189304
11300113
11300130
11300135
11300170
11300190
11300210
11300241
11300259
11300268
11300283
11300300
11300311
11300338
11300350
11300362
11300396
11300410
11300497
11300515
11300532
11300552
11300564
11300582
11300598
11300617
11300639
11300671
11300685
11300696
11300730
11300750
11300765
11300780
11300792
11300809
11300824
11300837
11300854
11300868
11300879
11300888
11300909
11300923
11301003
11301021
11301035
11301060
11301078
11301112
11301150
11301161
11301171
11301189
11301204
11301241
13784783
13784803
14163713
14163749
14163762
15796778
15796814
15796835
15796854
15796897
16153167
16153182
16153201
16153225
16153242
18490001
19094218
19094232
19094247
19094267
20436172
20652807
20652831
31957341