Gagne = 713
Nombre de parties = 1273
Record = 3.4
14.73
12.6
26.26
20.79
21.37
19.96
15.27
28.47
15.38
20.31
14.48
18.47
21.59
24.9
16.15
25.18
13.97
22.37
12.79
16.74
13.2
17.41
16.09
21.35
17.21
18.35
13.31
17.67
17.87
12.2
19.21
17.75
28.18
26.1
16.01
17.62
18.48
23.86
16.4
15.49
15.98
15.42
15.89
13.69
20.68
19.75
13.55
22.37
12.63
12.48
18.18
14.31
12.66
15.28
18.67
21.61
21.21
14.87
19.88
21.0
10.54
19.16
16.23
14.99
24.93
18.84
12.76
12.24
17.81
16.99
16.49
20.73
20.29
9.94
19.7
17.59
16.2
14.72
12.91
14.75
14.57
13.87
16.39
18.11
18.62
16.49
18.94
19.61
13.49
8.95
8.47
13.29
20.75
20.91
20.06
27.02
18.24
20.72
13.46
13.35
19.82
16.85
15.08
11.75
13.45
16.02
18.31
17.35
16.31
16.24
20.0
26.35
20.0
23.79
8.37
14.24
21.55
19.61
23.87
13.23
14.05
18.77
20.82
17.88
21.33
19.53
19.44
8.83
24.48
17.87
19.67
17.21
18.46
15.69
18.42
20.72
11.36
16.8
14.47
18.75
22.08
16.59
15.55
14.33
25.66
17.36
14.07
14.57
27.53
13.6
14.42
18.39
18.5
13.8
18.35
13.01
13.78
12.87
12.56
17.19
10.54
14.99
14.97
15.45
14.03
13.4
12.46
24.84
11.95
16.57
16.64
9.94
17.13
18.59
11.97
10.31
20.96
11.33
21.15
10.83
14.12
14.28
19.21
13.88
11.58
10.16
12.14
12.11
14.73
14.64
12.36
16.66
15.72
11.63
15.55
18.68
7.33
19.29
11.99
13.64
13.37
15.12
15.52
13.29
16.61
12.63
12.95
15.34
13.85
13.81
10.08
14.28
14.42
15.6
16.02
16.45
14.81
15.44
17.88
13.15
12.72
12.28
18.13
14.92
11.27
18.82
14.22
18.52
8.19
16.07
12.13
14.42
20.97
16.92
18.8
19.61
27.91
24.31
14.07
11.78
18.47
26.28
14.06
12.85
11.79
12.26
15.78
13.77
25.0
15.38
11.85
11.86
15.74
18.78
12.11
10.62
10.7
15.87
14.03
21.87
12.03
8.11
13.31
17.27
10.53
11.11
13.95
9.85
14.68
10.6
14.69
21.32
12.92
15.72
14.75
13.28
17.32
19.75
11.65
10.53
11.44
14.95
10.84
16.68
14.22
17.12
14.34
16.72
27.74
15.15
14.17
11.25
13.99
11.51
13.96
12.32
15.96
11.49
10.12
14.52
14.19
19.73
10.98
12.68
14.09
11.54
17.67
11.24
13.23
10.96
15.72
13.45
14.82
21.98
12.51
15.24
21.78
17.87
17.37
12.81
16.19
17.58
17.55
13.71
10.24
11.56
14.57
15.03
20.72
6.33
12.39
16.87
12.35
12.63
13.18
19.66
15.71
14.24
10.53
16.52
18.46
18.59
13.92
18.33
12.43
17.63
15.28
11.92
10.35
16.02
16.54
12.88
18.6
17.57
21.54
11.0
15.14
10.86
19.89
17.58
12.95
13.23
6.37
15.18
16.07
11.45
15.63
15.38
8.59
16.47
11.47
13.06
13.95
12.84
15.3
16.41
13.3
10.58
12.29
17.32
12.9
11.36
16.66
15.34
21.84
15.27
10.0
21.31
8.21
18.98
16.53
14.95
23.42
10.74
13.77
10.85
16.1
13.13
10.28
13.11
11.58
12.94
15.09
11.64
11.02
10.38
12.86
9.68
13.2
21.35
19.39
13.23
17.07
16.02
12.22
9.7
11.59
12.02
14.35
22.36
10.05
12.65
11.05
11.66
12.87
13.4
17.63
18.73
10.38
10.34
10.07
12.3
16.41
6.37
12.59
8.31
17.23
16.93
14.77
14.52
6.69
11.58
10.89
13.31
11.92
8.61
6.38
15.9
12.46
13.69
10.59
11.6
14.77
16.44
14.24
12.21
10.85
11.63
10.68
11.77
11.35
15.03
12.21
18.7
10.7
11.69
9.81
17.18
9.8
8.54
12.9
7.88
11.37
12.8
20.73
16.37
11.76
16.77
14.36
14.46
13.59
14.74
12.59
16.91
13.31
21.14
16.45
12.03
10.63
17.1
9.3
14.08
11.36
12.22
16.28
13.14
12.08
13.94
11.32
11.16
16.04
11.02
14.07
16.3
11.41
18.61
9.72
11.08
17.05
15.15
15.65
13.84
14.41
13.29
10.71
13.26
12.28
20.27
17.53
13.9
13.05
15.89
19.66
10.43
10.02
15.59
8.0
12.01
12.69
15.81
14.96
12.89
11.98
16.64
8.07
20.08
12.89
10.14
15.89
9.89
14.78
10.27
20.26
7.19
17.32
10.8
11.23
11.54
13.55
17.23
20.31
19.6
17.32
9.92
8.69
13.64
17.37
12.53
17.41
15.38
10.29
17.11
8.2
13.05
12.77
12.99
8.68
12.78
10.2
17.13
7.74
15.12
14.8
12.77
8.85
17.26
12.38
14.44
8.41
11.77
15.83
13.82
12.82
11.78
10.31
9.81
13.63
11.33
15.46
14.2
18.3
8.48
13.54
13.74
14.98
10.96
15.87
10.51
12.52
18.31
17.22
13.55
12.11
11.85
15.83
13.72
16.82
11.06
12.94
19.83
21.33
15.75
11.25
13.6
12.09
12.63
11.0
17.66
15.45
8.44
12.09
18.18
14.52
14.37
9.46
14.15
15.48
9.16
12.75
15.31
11.94
18.43
13.28
3.4
8.06
9.37
19.04
16.54
17.41
8.35
12.25
14.29
10.45
26.04
11.46
10.75
15.85
13.4
11.34
16.77
16.14
14.35
10.12
16.14
15.65
14.28
20.16
10.88
10.86
10.66
15.76
19.11
14.33
13.41
9.57
9.86
13.56
12.83
15.81
13.84
10.73
7.42
16.22
12.72
13.29
16.86
12.43
11.53
14.18
17.93
13.23
9.68
9.53
11.84
13.72
28.61
15.41
10.44
17.59
13.79
12.35
9.75
13.11
20.26
18.16
15.42
12.66
13.98
15.56
20.29
16.71
14.46
11.93
11.05
14.16
18.72
12.88
14.09
9.5
19.72