Gagne = 121
Nombre de parties = 155
Record = 6.81
15.47
9.75
6.84
18.68
17.49
17.33
12.71
9.22
8.38
14.4
13.0
10.81
12.27
16.73
15.51
14.22
15.56
16.21
12.25
16.73
23.13
11.31
13.47
15.23
9.31
13.28
12.19
14.51
15.32
11.12
12.17
14.29
16.02
10.44
17.86
13.99
15.5
30.42
14.94
8.28
15.59
10.1
10.78
7.54
18.98
22.28
9.68
10.96
11.77
10.89
11.74
14.73
9.53
11.23
15.42
13.09
15.73
19.64
12.0
14.03
11.85
8.81
10.7
9.2
12.7
16.03
13.17
8.84
13.55
9.39
17.69
10.48
12.36
11.37
19.77
13.04
10.38
9.68
14.8
13.02
16.79
14.51
11.67
15.69
12.97
12.57
12.77
14.09
14.52
9.17
13.54
15.34
14.29
13.95
15.86
9.26
9.33
11.79
15.03
12.64
16.71
15.01
9.89
26.1
9.46
10.94
9.7
6.81
9.35
10.41
15.51
10.41
10.51
13.41
14.08
13.95
21.57
12.19
29.47