
411923
411937
411959
411982
412007
412035
428222
482457
482489
482506
519255
767596
1097188
1097207
1097226
1097241
1097257
1097274
1097287
1097306
1097331
1097353
1097369
1097386
1097410
1097446
2135068
2135098
2136467
2136480
2415457
2415477
2415494
2415516
2479924
2479946
2724438
2808690
2808755
2808764
2808782
2808798
2808809
2808818
2808864
2808891
2808908
2808920
2808933
2808945
2808975
2808990
3439569
5319832
6302312
7399278
7399295
7399316
7399329
7399344
8904199
9495586
9495628
9495638
9495668
9495685
9495699
9495709
9495723
9495734
9495752
9495764
9495777
9495804
9495826
9495839
9495851
9495862
9495878
9495891
9495913
9495929
9495941
9495958
9495972
9495986
9496000
9496016
9496032
9496042
9496056
9496072
9496089
9496104
9496121
9496146
9496156
9496169
9496185
9496198
9496216
9496253
9496264
9496291
9496301
9496313
9496323
9496331
13991848
13991859
13991875
14163676
14163688
20653268
20653283
20653336
20653359
20653372
46127550